[gd_scene load_steps=8 format=3 uid="uid://beuygc2mv8n3k"]

[ext_resource type="Script" path="res://Scripts/TextScroll.gd" id="1_jm4v6"]
[ext_resource type="PackedScene" uid="uid://dhievvg48cuhw" path="res://Scenes/Camera.tscn" id="1_mmjdk"]
[ext_resource type="PackedScene" uid="uid://b0tx8pjfkjkrs" path="res://Models/qubicle.glb" id="2_7uaxd"]
[ext_resource type="PackedScene" uid="uid://dqhijge300446" path="res://Scenes/TextScroll.tscn" id="4_avrhg"]

[sub_resource type="ProceduralSkyMaterial" id="ProceduralSkyMaterial_jp1op"]
sky_horizon_color = Color(0.64625, 0.65575, 0.67075, 1)
ground_horizon_color = Color(0.64625, 0.65575, 0.67075, 1)

[sub_resource type="Sky" id="Sky_5gk7a"]
sky_material = SubResource("ProceduralSkyMaterial_jp1op")

[sub_resource type="Environment" id="Environment_mv1ng"]
background_mode = 2
sky = SubResource("Sky_5gk7a")
tonemap_mode = 2

[node name="Main" type="Node3D"]
script = ExtResource("1_jm4v6")

[node name="WorldEnvironment" type="WorldEnvironment" parent="."]
environment = SubResource("Environment_mv1ng")

[node name="DirectionalLight3D" type="DirectionalLight3D" parent="."]
transform = Transform3D(-0.866023, -0.433016, 0.250001, 0, 0.499998, 0.866027, -0.500003, 0.749999, -0.43301, 0, 0, 0)
shadow_enabled = true

[node name="Camera" parent="." instance=ExtResource("1_mmjdk")]

[node name="qubicle" parent="." instance=ExtResource("2_7uaxd")]
transform = Transform3D(-0.147809, 0, 0.989016, 0, 1, 0, -0.989016, 0, -0.147809, 0.505828, -1.06746, -5.06165)

[node name="Node3D" parent="." instance=ExtResource("4_avrhg")]
transform = Transform3D(0.809017, 0, 0.587785, 0, 1, 0, -0.587785, 0, 0.809017, -2.88, 0.26, -1.545)
